002478.SZ 20170307 15.83 20190830 5.81
600664.SH 20170303 8.46 20190830 3.98
000876.SZ 20170428 8.17 20190830 19.51
600383.SH 20170331 11.1 20190830 11.23
000895.SZ 20170323 23.0 20190830 22.36
601566.SH 20170421 17.2 20190830 11.3
600104.SH 20170406 25.77 20190830 25.08
600325.SH 20170407 14.92 20190830 7.07
601288.SH 20170329 3.29 20190830 3.4
000488.SZ 20170217 12.25 20190830 4.61
000651.SZ 20170427 33.58 20190830 55.5
000625.SZ 20170418 15.59 20190830 8.0
601398.SH 20170331 4.84 20190830 5.39
600398.SH 20170310 10.37 20190830 8.41
600704.SH 20170425 10.65 20190830 5.3
000546.SZ 20170407 12.69 20190830 9.26
601988.SH 20170331 3.7 20190830 3.53
600312.SH 20170323 16.5 20190830 7.02
601328.SH 20170329 6.15 20190830 5.41
600066.SH 20170328 21.12 20190830 14.53
601939.SH 20170330 5.93 20190830 6.9
600900.SH 20170428 13.89 20190830 18.62
000541.SZ 20170330 10.77 20190830 5.12
600377.SH 20170327 9.35 20190830 10.07
600828.SH 20170322 9.06 20190830 4.77
002016.SZ 20170428 10.8 20190830 7.82
600873.SH 20170228 6.94 20190830 4.43
600741.SH 20170330 17.34 20190830 24.93
000726.SZ 20170330 12.68 20190830 9.15
002749.SZ 20170407 91.59 20190830 10.68
600023.SH 20170407 5.76 20190830 4.0
002563.SZ 20170328 9.71 20190830 12.03
600897.SH 20170427 24.28 20190830 22.39
000848.SZ 20170428 10.34 20190830 7.51
002299.SZ -1 -1 20190830 27.42
002146.SZ 20170420 11.61 20190830 8.11
